3
4
12
13
17
20
24
30
32
34
35
36
41
43
45
50
53
56
57
58
59
60
61
66
67
69
77
78
79
81
84
87
88
89
90
91
95
96
99
104
110
112
118
124
126
132
133
137
138
139
146
154
160
170
172
174
179
180
183
185
187
191
194
197
198
208
211
212
221
229
235
237
240
260
261
263
269
276
277
281
282
288
289
299
301
302
308
323
327
334
345
347
352
353
362
365
371
377
382
383
390
392
395
397
407
410
416
418
422
428
429
436
437
444
447
451
452
458
459
465
467
475
480
502
504
506
508
517
531
538
546
550
554
558
559
560
568
571
575
577
578
579
580
601
603
606
615
619
621
624
625
628
632
637
638
639
641
642
649
651
652
653
654
655
666
669
672
673
680
687
688
691
697
699
702
704
708
710
711
714
715
717
718
720
721
726
728
729
736
746
747
761
764
770
771
779
784
793
805
812
813
817
819
824
827
829
830
831
840
842
846
850
851
852
853
859
862
874
890
895
896
900
910
912
913
914
924
925
926
929
930
933
935
937
961
965
966
969
973
974
977
979
980
982
983
984
985
986
993
996
997
998
1001
1012
1014
1018
1024
1028
1035
1037
1038
1039
1040
1042
1043
1044
1045
1046
1054
1057
1062
1063
1065
1070
1072
1075
1076
1080
1084
1091
1092
1094
1097
1098
1099
1111
1113
1115
1117
1118
1119
1122
1123
1128
1129
1130
1132
1135
1137
1143
1144
1155
1162
1164
1177
1183
1184
1196
1200
1201
1211
1213
1215
1224
1229
