1
7
10
14
15
16
21
22
31
38
39
40
42
46
49
51
52
64
65
70
72
74
83
86
94
100
101
105
106
107
113
116
117
120
122
125
127
130
131
136
140
142
143
144
147
150
155
159
161
163
164
167
169
173
181
182
184
196
199
203
205
206
209
213
214
217
218
219
226
227
231
236
238
239
241
242
243
245
246
249
250
251
252
253
255
258
259
265
266
270
271
273
280
284
287
291
293
295
296
298
300
303
304
306
307
310
311
313
316
317
318
320
321
322
324
326
328
329
330
335
336
342
344
350
351
354
356
357
358
359
360
361
366
368
369
370
372
378
379
385
386
388
389
393
394
402
403
404
406
408
411
413
414
417
420
421
423
427
430
433
434
435
438
439
441
442
446
454
455
456
462
464
469
473
476
477
478
483
485
486
488
489
493
495
496
498
509
510
512
514
515
516
518
521
524
525
526
527
530
534
541
542
543
545
548
551
552
553
555
556
562
564
569
572
573
581
582
584
585
586
587
590
592
593
594
596
597
600
602
605
609
610
612
613
616
617
626
627
629
630
631
634
636
643
645
646
650
656
658
659
663
664
665
671
674
676
677
683
684
686
690
696
698
700
703
712
713
716
722
723
724
725
727
730
732
734
735
739
741
742
745
749
755
759
765
767
768
769
772
773
775
777
778
782
783
785
790
791
795
796
797
799
800
804
806
807
808
809
816
818
821
822
823
825
826
828
833
834
836
837
841
843
845
847
857
863
864
865
866
867
869
870
871
872
873
876
878
883
887
893
894
898
899
901
902
905
906
908
916
919
920
921
922
923
927
928
931
932
934
940
941
945
946
947
949
951
952
954
955
956
957
959
960
962
963
964
970
975
976
989
991
992
999
1000
1002
1004
1006
1009
1010
1011
1013
1016
1021
1023
1026
1027
1029
1030
1033
1034
1047
1048
1049
1050
1051
1056
1067
1068
1069
1073
1074
1077
1078
1087
1095
1100
1104
1112
1133
1136
1138
1139
1140
1141
1145
1147
1149
1151
1153
1154
1157
1159
1166
1167
1168
1169
1170
1172
1179
1180
1181
1187
1188
1189
1190
1204
1205
1206
1214
1216
1219
1225
1226
1228
