1
5
6
7
8
9
10
16
18
22
24
25
26
28
33
37
44
46
47
54
55
62
64
67
70
72
73
74
84
91
92
97
98
100
101
102
103
107
108
111
120
121
122
124
128
129
134
135
141
145
148
149
153
156
157
158
162
163
165
166
168
170
174
176
180
184
186
187
188
190
191
193
197
198
199
200
201
205
206
211
212
213
216
219
220
221
224
227
228
239
241
242
243
246
248
249
256
260
263
264
267
268
273
274
278
279
280
283
286
288
289
290
293
308
311
312
314
315
318
320
322
325
327
328
329
332
334
335
336
337
339
340
341
343
345
356
359
360
363
370
371
383
384
386
391
393
396
399
402
403
406
408
412
417
418
419
423
424
425
433
434
436
438
443
448
450
453
454
455
457
460
462
463
464
465
466
468
470
471
472
473
475
476
483
484
485
487
489
490
493
494
495
497
499
501
504
505
507
511
512
519
520
522
523
525
526
529
530
531
533
537
539
546
550
552
553
554
555
558
562
564
573
576
579
581
584
587
588
590
593
596
598
600
601
604
607
608
612
613
622
623
629
636
637
649
650
652
654
656
660
666
667
673
677
680
681
682
683
684
695
696
697
699
707
711
717
718
720
721
723
725
731
732
736
737
740
741
742
744
746
747
750
753
760
761
762
763
765
767
768
770
773
774
775
777
780
786
790
791
794
795
797
801
802
807
813
819
821
825
826
830
833
834
839
840
841
842
843
844
846
847
854
857
861
863
866
867
868
870
871
872
874
875
877
878
879
882
884
888
889
893
895
897
901
906
907
909
922
926
928
929
930
932
933
934
935
936
940
946
950
954
960
963
970
971
973
977
978
984
988
989
996
997
999
1001
1002
1004
1006
1007
1009
1013
1014
1022
1034
1036
1038
1039
1040
1041
1044
1046
1051
1062
1063
1065
1066
1067
1068
1069
1073
1076
1081
1082
1085
1086
1087
1088
1089
1090
1092
1094
1101
1106
1107
1111
1113
1120
1125
1127
1128
1130
1131
1132
1137
1138
1140
1143
1147
1149
1151
1152
1153
1154
1160
1163
1164
1166
1168
1169
1170
1171
1174
1175
1176
1179
1180
1181
1182
1183
1184
1185
1187
1189
1192
1194
1195
1196
1199
1200
1201
1203
