13
14
17
20
21
30
31
38
39
40
42
49
51
52
63
69
71
78
82
85
93
105
106
113
117
119
123
126
130
131
136
140
142
144
147
151
155
159
161
164
167
172
179
182
196
202
209
210
214
215
222
223
231
233
234
236
237
238
240
244
245
247
250
251
257
258
262
265
266
269
270
275
281
282
287
291
292
294
295
300
301
302
304
307
310
313
316
317
321
323
326
331
333
348
349
352
353
354
355
357
362
364
365
366
368
374
376
381
382
388
389
397
398
400
405
407
410
413
414
416
420
426
427
428
431
432
435
439
446
449
456
458
467
478
479
480
481
482
486
488
491
492
503
506
508
509
513
516
518
527
532
535
538
541
542
543
545
551
557
560
561
567
568
571
572
574
575
577
580
582
583
585
594
597
599
602
603
606
610
616
618
619
620
625
632
634
635
638
640
646
648
651
657
662
663
664
665
671
672
674
678
686
688
690
691
693
702
710
712
714
722
727
729
730
733
743
752
754
755
758
759
764
769
772
778
779
783
784
785
787
788
792
796
803
805
808
809
810
812
815
820
822
823
824
829
831
849
850
851
852
853
855
856
858
859
862
864
869
873
883
886
887
890
891
892
894
902
905
908
913
914
917
918
920
925
931
937
938
939
941
942
944
945
952
956
958
969
972
974
975
983
985
987
990
991
992
994
998
1003
1005
1010
1012
1015
1016
1028
1029
1030
1031
1032
1047
1048
1049
1053
1054
1057
1058
1075
1080
1084
1116
1118
1119
1124
1126
1129
1135
1144
1145
1146
1148
1150
1157
1158
1159
1165
1167
1193
5
6
8
9
10
46
55
64
73
74
91
98
100
101
102
121
134
135
149
157
163
168
170
180
187
188
193
197
200
201
205
211
213
219
221
224
227
228
242
243
248
264
274
279
280
283
286
289
308
314
318
320
325
332
336
339
340
341
343
345
356
360
371
383
384
391
396
399
402
403
423
425
434
443
448
453
454
460
462
463
465
466
468
470
471
472
476
483
485
489
490
495
497
504
505
519
520
525
526
530
531
533
564
573
576
581
587
588
590
598
600
607
608
623
637
650
652
654
656
660
666
682
684
711
717
718
720
721
731
732
742
750
760
761
763
765
770
775
777
780
791
795
797
807
813
821
825
826
830
834
840
842
844
846
857
868
874
875
878
879
882
884
895
897
907
909
929
930
933
934
936
940
946
960
963
971
978
984
988
989
997
1001
1004
1007
1038
1039
1044
1062
1063
1067
1081
1086
1087
1092
1101
1113
1120
1130
1131
1132
1137
1143
1147
1149
1153
1166
1168
1171
1174
1181
1183
1187
1189
1192
1199
1201
