2
3
4
11
12
15
19
23
27
29
32
34
35
36
41
43
45
48
50
53
56
57
58
59
60
61
65
66
68
75
76
77
79
80
81
83
86
87
88
89
90
94
95
96
99
104
109
110
112
114
115
116
118
125
127
132
133
137
138
139
143
146
150
152
154
160
169
171
173
175
177
178
181
183
185
189
192
194
195
203
204
207
208
217
218
225
226
229
230
232
235
252
253
254
255
259
261
271
272
276
277
284
285
296
297
298
299
303
305
306
309
319
324
330
338
342
344
346
347
350
351
358
361
367
369
372
373
375
377
378
379
380
385
387
390
392
394
395
401
404
409
411
415
421
422
429
430
437
440
441
442
444
445
447
451
452
459
461
469
474
477
496
498
500
502
510
514
515
517
521
524
528
534
536
540
544
547
548
549
556
559
563
565
566
569
570
578
586
589
591
592
595
605
609
611
614
615
617
621
624
626
627
628
630
631
633
639
641
642
643
644
645
647
653
655
658
659
661
668
669
670
675
676
679
685
687
689
692
694
698
700
701
703
704
705
706
708
709
713
715
716
719
724
726
728
734
735
738
739
745
748
749
751
756
757
766
771
776
781
782
789
793
798
799
800
804
806
811
814
816
817
818
827
828
832
835
836
837
838
845
848
860
865
876
880
881
885
896
898
899
900
903
904
910
911
912
915
916
919
921
923
924
927
943
947
948
949
951
953
955
957
959
961
962
964
965
966
967
968
976
979
980
981
982
986
993
995
1000
1008
1011
1017
1018
1019
1020
1021
1023
1024
1025
1026
1027
1033
1035
1037
1042
1043
1045
1050
1052
1055
1056
1059
1060
1061
1064
1070
1071
1072
1074
1077
1078
1079
1083
1091
1093
1095
1096
1097
1098
1099
1100
1102
1103
1104
1105
1108
1109
1110
1112
1114
1115
1117
1121
1122
1123
1133
1134
1136
1139
1141
1142
1155
1156
1161
1162
1172
1173
1177
1178
1186
1188
1190
1191
1197
1198
1202
