2
5
6
8
9
11
18
19
23
25
26
27
28
29
33
37
44
47
48
54
55
62
63
68
71
73
75
76
80
82
85
92
93
97
98
102
103
108
109
111
114
115
119
121
123
128
129
134
135
141
145
148
149
151
152
153
156
157
158
162
165
166
168
171
175
176
177
178
186
188
189
190
192
193
195
200
201
202
204
207
210
215
216
220
222
223
224
225
228
230
232
233
234
244
247
248
254
256
257
262
264
267
268
272
274
275
278
279
283
285
286
290
292
294
297
305
309
312
314
315
319
325
331
332
333
337
338
339
340
341
343
346
348
349
355
363
364
367
373
374
375
376
380
381
384
387
391
396
398
399
400
401
405
409
412
415
419
424
425
426
431
432
440
443
445
448
449
450
453
457
460
461
463
466
468
470
471
472
474
479
481
482
484
487
490
491
492
494
497
499
500
501
503
505
507
511
513
519
520
522
523
528
529
532
533
535
536
537
539
540
544
547
549
557
561
563
565
566
567
570
574
576
583
588
589
591
595
598
599
604
607
608
611
614
618
620
622
623
633
635
640
644
647
648
657
660
661
662
667
668
670
675
678
679
681
682
685
689
692
693
694
695
701
705
706
707
709
719
731
733
737
738
740
743
744
748
750
751
752
753
754
756
757
758
760
762
763
766
774
776
780
781
786
787
788
789
792
794
798
801
802
803
810
811
814
815
820
832
835
838
839
844
848
849
854
855
856
858
860
861
868
875
877
879
880
881
882
884
885
886
888
889
891
892
897
903
904
907
909
911
915
917
918
936
938
939
942
943
944
948
950
953
958
967
968
971
972
978
981
987
988
990
994
995
1003
1005
1007
1008
1015
1017
1019
1020
1022
1025
1031
1032
1036
1041
1052
1053
1055
1058
1059
1060
1061
1064
1066
1071
1079
1081
1082
1083
1085
1086
1088
1089
1090
1093
1096
1101
1102
1103
1105
1106
1107
1108
1109
1110
1114
1116
1120
1121
1124
1125
1126
1127
1131
1134
1142
1146
1148
1150
1152
1156
1158
1160
1161
1163
1165
1171
1173
1174
1175
1176
1178
1182
1185
1186
1191
1192
1193
1194
1195
1197
1198
1199
1202
1203
1207
1208
1209
1210
1212
1217
1218
1220
1221
1222
1223
1227
1230
